33 33 55
0.0 0.5 -0.25 0.75
-0.62772 0.42193



7 7 6 5 4 4 4 4 3 3 3 3 2 2 2 2 2 2 2 2 2 2 2 2 2 2 2 2 2 2 1 1 1 
55 55 55 6 6 5 5 4 4 4 3 3 3 3 2 2 2 2 2 2 2 2 2 2 2 2 2 2 2 2 2 2 2 
55 55 11 8 7 7 7 6 6 5 5 4 3 3 3 2 2 2 2 2 2 2 2 2 2 2 2 2 2 2 2 2 2 
24 24 55 55 15 55 55 32 55 55 7 5 4 3 3 3 3 2 2 2 2 2 2 2 2 2 2 2 2 2 2 2 2 
55 55 55 55 55 55 55 55 55 8 6 5 4 4 4 3 3 3 3 2 2 2 2 2 2 2 2 2 2 2 2 2 2 
55 55 55 55 55 55 55 55 15 8 6 5 4 4 4 4 3 3 3 3 3 3 2 2 2 2 2 2 2 2 2 2 2 
55 55 55 32 15 43 55 55 55 33 10 5 4 4 4 4 4 3 3 3 3 3 3 3 3 2 2 2 2 2 2 2 2 
31 26 14 27 11 10 11 55 26 8 6 5 5 4 4 4 4 4 3 3 3 3 3 3 3 3 3 3 2 2 2 2 2 
12 11 10 9 9 8 8 8 7 6 6 5 5 4 4 4 4 4 4 3 3 3 3 3 3 3 3 3 3 3 3 3 2 
13 10 9 9 8 8 7 7 6 6 6 5 5 5 4 4 4 4 4 4 4 3 3 3 3 3 3 3 3 3 3 3 3 
27 19 10 8 8 7 7 7 6 6 6 5 5 5 5 4 4 4 4 4 4 4 4 3 3 3 3 3 3 3 3 3 3 
15 11 9 8 7 7 7 7 6 6 6 5 5 5 5 5 5 4 4 4 4 4 4 4 4 3 3 3 3 3 3 3 3 
15 10 9 9 8 7 7 7 7 6 6 6 5 5 5 5 5 5 5 5 4 4 4 4 4 4 4 4 3 3 3 3 3 
12 10 9 9 9 8 8 8 7 7 7 6 6 5 5 5 5 5 5 5 5 5 5 5 5 4 4 4 4 4 4 4 4 
11 11 10 10 9 9 9 9 8 8 8 7 7 6 6 6 6 5 5 5 5 5 5 5 6 6 6 6 5 5 5 5 4 
12 12 12 12 12 12 17 55 15 18 55 55 8 8 7 7 6 6 6 6 6 6 6 6 7 8 13 55 12 7 6 6 5 
14 14 14 55 55 55 55 55 55 55 27 16 10 9 8 7 7 7 7 7 7 7 8 11 55 55 22 55 17 10 8 7 7 
55 27 19 20 25 44 55 55 55 55 55 55 18 16 55 13 9 8 8 8 8 8 10 55 34 32 54 55 55 55 20 21 55 
55 55 46 55 55 55 55 55 55 55 55 55 55 55 26 29 12 10 9 9 10 10 13 17 50 55 55 55 49 55 55 55 21 
55 55 55 55 55 55 55 55 55 55 29 55 24 55 16 14 12 11 11 11 11 13 20 55 55 55 55 55 55 55 23 17 14 
55 55 55 55 55 55 55 55 55 55 55 55 22 20 18 17 14 13 13 13 18 55 55 55 55 55 55 55 55 55 55 55 55 
55 55 55 55 55 55 55 55 55 55 55 55 55 55 55 55 55 35 16 16 17 20 27 55 55 55 55 55 55 55 55 55 32 
55 55 55 55 55 55 55 55 55 55 55 55 55 55 55 38 30 23 20 19 19 55 55 55 55 55 55 55 55 55 55 55 55 
55 55 55 55 55 55 55 55 55 55 55 55 55 55 55 55 55 55 55 43 23 24 28 55 55 55 55 55 55 55 55 55 55 
55 55 55 55 55 55 55 55 55 55 55 55 55 55 55 55 55 55 54 33 54 28 29 33 51 55 55 55 55 55 55 55 55 
55 55 55 55 55 55 55 55 55 55 55 55 55 55 55 55 55 55 55 55 55 38 34 35 40 55 55 55 55 55 55 55 55 
55 55 55 55 55 55 55 55 55 55 55 55 55 55 55 55 55 55 55 55 55 55 55 55 42 45 55 55 55 55 55 55 55 
55 55 55 55 55 55 55 55 55 55 55 55 55 55 55 55 55 55 55 55 55 55 55 55 55 55 54 55 55 55 55 55 55 
55 55 55 55 55 55 55 55 55 55 55 55 55 55 55 55 55 55 55 55 55 55 55 55 55 55 55 55 55 55 55 55 55 
55 55 55 55 55 55 55 55 55 55 55 55 55 55 55 55 55 55 55 55 55 55 55 55 55 55 55 55 55 55 55 55 55 
55 55 55 55 55 40 40 55 55 44 36 55 55 55 55 55 55 43 49 48 53 55 55 55 55 55 55 55 55 55 55 55 55 
55 55 55 55 55 23 22 29 44 26 26 26 28 30 33 35 39 47 55 55 55 55 55 55 55 55 55 55 55 55 55 55 55 
14 21 19 23 17 18 18 19 21 22 24 44 30 55 55 55 55 55 55 55 55 55 55 55 55 55 55 55 55 55 55 55 55 